
1
Ayushi saxena
21
MCA
3
5
ghzg
0

49
6

16

-548739168
7

16

-548739168
8

16

-548739168
9

16

-548739168
10

16

-548739168
11

16

-548739168
12

16

-548739168
13

16

-548739168
14

16

-548739168
15

16

-548739168
16

16

-548739168
17

16

-548739168
18

16

-548739168
19

16

-548739168
20

16

-548739168
21

16

-548739168
22

16

-548739168
23

16

-548739168
24

16

-548739168
25

16

-548739168
26

16

-548739168
27

16

-548739168
28

16

-548739168
29

16

-548739168
30

16

-548739168
31

16

-548739168
32

16

-548739168
33

16

-548739168
34

16

-548739168
35

16

-548739168
36

16

-548739168
37

16

-548739168
38

16

-548739168
39

16

-548739168
40

16

-548739168
41

16

-548739168
42

16

-548739168
43

16

-548739168
44

16

-548739168
45

16

-548739168
46

16

-548739168
47

16

-548739168
48

16

-548739168
49

16

-548739168
50

16

-548739168
51

16

-548739168
52

16

-548739168
53

16

-548739168
54

16

-548739168
55

16

-548739168
56

16

-548739168
57

16

-548739168
58

16

-548739168
59

16

-548739168
60

16

-548739168
61

16

-548739168
62

16

-548739168
63

16

-548739168
64

16

-548739168
65

16

-548739168
66

16

-548739168
67

16

-548739168
68

16

-548739168
69

16

-548739168
70

16

-548739168
71

16

-548739168
72

16

-548739168
73

16

-548739168
74

16

-548739168
75

16

-548739168
76

16

-548739168
77

16

-548739168
78

16

-548739168
79

16

-548739168
80

16

-548739168
81

16

-548739168
82

16

-548739168
83

16

-548739168
84

16

-548739168
85

16

-548739168
86

16

-548739168
87

16

-548739168
88

16

-548739168
89

16

-548739168
90

16

-548739168
91

16

-548739168
92

16

-548739168
93

16

-548739168
94

16

-548739168
95

16

-548739168
96

16

-548739168
97

16

-548739168
98

16

-548739168
99

16

-548739168
100

16

-548739168
101

16

-548739168
102

16

-548739168
103

16

-548739168
104

16

-548739168
105

16

-548739168
106

16

-548739168
107

16

-548739168
108

16

-548739168
109

16

-548739168
110

16

-548739168
111

16

-548739168
112

16

-548739168
113

16

-548739168
114

16

-548739168
115

16

-548739168
116

16

-548739168
117

16

-548739168
118

16

-548739168
119

16

-548739168
120

16

-548739168
121

16

-548739168
122

16

-548739168
123

16

-548739168
124

16

-548739168
125

16

-548739168
126

16

-548739168
127

16

-548739168
128

16

-548739168
129

16

-548739168
130

16

-548739168
131

16

-548739168
132

16

-548739168
133

16

-548739168
134

16

-548739168
135

16

-548739168
136

16

-548739168
137

16

-548739168
138

16

-548739168
139

16

-548739168
140

16

-548739168
141

16

-548739168
142

16

-548739168
143

16

-548739168
144

16

-548739168
145

16

-548739168
146

16

-548739168
147

16

-548739168
148

16

-548739168
149

16

-548739168
150

16

-548739168
151

16

-548739168
152

16

-548739168
153

16

-548739168
154

16

-548739168
155

16

-548739168
156

16

-548739168
157

16

-548739168
158

16

-548739168
159

16

-548739168
160

16

-548739168
161

16

-548739168
162

16

-548739168
163

16

-548739168
164

16

-548739168
165

16

-548739168
166

16

-548739168
167

16

-548739168
168

16

-548739168
169

16

-548739168
170

16

-548739168
171

16

-548739168
172

16

-548739168
173

16

-548739168
174

16

-548739168
175

16

-548739168
176

16

-548739168
177

16

-548739168
178

16

-548739168
179

16

-548739168
180

16

-548739168
181

16

-548739168
182

16

-548739168
183

16

-548739168
184

16

-548739168
185

16

-548739168
186

16

-548739168
187

16

-548739168
188

16

-548739168
189

16

-548739168
190

16

-548739168
191

16

-548739168
192

16

-548739168
193

16

-548739168
194

16

-548739168
195

16

-548739168
196

16

-548739168
197

16

-548739168
198

16

-548739168
199

16

-548739168
200

16

-548739168
201

16

-548739168
202

16

-548739168
203

16

-548739168
204

16

-548739168
205

16

-548739168
206

16

-548739168
207

16

-548739168
208

16

-548739168
209

16

-548739168
210

16

-548739168
211

16

-548739168
212

16

-548739168
213

16

-548739168
214

16

-548739168
215

16

-548739168
216

16

-548739168
217

16

-548739168
218

16

-548739168
219

16

-548739168
220

16

-548739168
221

16

-548739168
222

16

-548739168
223

16

-548739168
224

16

-548739168
225

16

-548739168
226

16

-548739168
227

16

-548739168
228

16

-548739168
229

16

-548739168
230

16

-548739168
231

16

-548739168
232

16

-548739168
233

16

-548739168
234

16

-548739168
235

16

-548739168
236

16

-548739168
237

16

-548739168
238

16

-548739168
239

16

-548739168
240

16

-548739168
241

16

-548739168
242

16

-548739168
243

16

-548739168
244

16

-548739168
245

16

-548739168
246

16

-548739168
247

16

-548739168
248

16

-548739168
249

16

-548739168
250

16

-548739168
251

16

-548739168
252

16

-548739168
253

16

-548739168
254

16

-548739168
255

16

-548739168
256

16

-548739168
257

16

-548739168
258

16

-548739168
259

16

-548739168
260

16

-548739168
261

16

-548739168
262

16

-548739168
263

16

-548739168
264

16

-548739168
265

16

-548739168
266

16

-548739168
267

16

-548739168
268

16

-548739168
269

16

-548739168
270

16

-548739168
271

16

-548739168
272

16

-548739168
273

16

-548739168
274

16

-548739168
275

16

-548739168
276

16

-548739168
277

16

-548739168
278

16

-548739168
279

16

-548739168
280

16

-548739168
281

16

-548739168
282

16

-548739168
283

16

-548739168
284

16

-548739168
285

16

-548739168
286

16

-548739168
287

16

-548739168
288

16

-548739168
289

16

-548739168
290

16

-548739168
291

16

-548739168
292

16

-548739168
293

16

-548739168
294

16

-548739168
295

16

-548739168
296

16

-548739168
297

16

-548739168
298

16

-548739168
299

16

-548739168
300

16

-548739168
301

16

-548739168
302

16

-548739168
303

16

-548739168
304

16

-548739168
305

16

-548739168
306

16

-548739168
307

16

-548739168
308

16

-548739168
309

16

-548739168
310

16

-548739168
311

16

-548739168
312

16

-548739168
313

16

-548739168
314

16

-548739168
315

16

-548739168
316

16

-548739168
317

16

-548739168
318

16

-548739168
319

16

-548739168
320

16

-548739168
321

16

-548739168
322

16

-548739168
323

16

-548739168
324

16

-548739168
325

16

-548739168
326

16

-548739168
327

16

-548739168
328

16

-548739168
329

16

-548739168
330

16

-548739168
331

16

-548739168
332

16

-548739168
333

16

-548739168
334

16

-548739168
335

16

-548739168
336

16

-548739168
337

16

-548739168
338

16

-548739168
339

16

-548739168
340

16

-548739168
341

16

-548739168
342

16

-548739168
343

16

-548739168
344

16

-548739168
345

16

-548739168
346

16

-548739168
347

16

-548739168
348

16

-548739168
349

16

-548739168
350

16

-548739168
351

16

-548739168
352

16

-548739168
353

16

-548739168
354

16

-548739168
355

16

-548739168
356

16

-548739168
357

16

-548739168
358

16

-548739168
359

16

-548739168
360

16

-548739168
361

16

-548739168
362

16

-548739168
363

16

-548739168
364

16

-548739168
365

16

-548739168
366

16

-548739168
367

16

-548739168
368

16

-548739168
369

16

-548739168
370

16

-548739168
371

16

-548739168
372

16

-548739168
373

16

-548739168
374

16

-548739168
375

16

-548739168
376

16

-548739168
377

16

-548739168
378

16

-548739168
379

16

-548739168
380

16

-548739168
381

16

-548739168
382

16

-548739168
383

16

-548739168
384

16

-548739168
385

16

-548739168
386

16

-548739168
387

16

-548739168
388

16

-548739168
389

16

-548739168
390

16

-548739168
391

16

-548739168
392

16

-548739168
393

16

-548739168
394

16

-548739168
395

16

-548739168
396

16

-548739168
397

16

-548739168
398

16

-548739168
399

16

-548739168
400

16

-548739168
401

16

-548739168
402

16

-548739168
403

16

-548739168
404

16

-548739168
405

16

-548739168
406

16

-548739168
407

16

-548739168
408

16

-548739168
409

16

-548739168
410

16

-548739168
411

16

-548739168
412

16

-548739168
413

16

-548739168
414

16

-548739168
415

16

-548739168
416

16

-548739168
417

16

-548739168
418

16

-548739168
419

16

-548739168
420

16

-548739168
421

16

-548739168
422

16

-548739168
423

16

-548739168
424

16

-548739168
425

16

-548739168
426

16

-548739168
427

16

-548739168
428

16

-548739168
429

16

-548739168
430

16

-548739168
431

16

-548739168
432

16

-548739168
433

16

-548739168
434

16

-548739168
435

16

-548739168
436

16

-548739168
437

16

-548739168
438

16

-548739168
439

16

-548739168
440

16

-548739168
441

16

-548739168
442

16

-548739168
443

16

-548739168
444

16

-548739168
445

16

-548739168
446

16

-548739168
447

16

-548739168
448

16

-548739168
449

16

-548739168
450

16

-548739168
451

16

-548739168
452

16

-548739168
453

16

-548739168
454

16

-548739168
455

16

-548739168
456

16

-548739168
457

16

-548739168
458

16

-548739168
459

16

-548739168
460

16

-548739168
461

16

-548739168
462

16

-548739168
463

16

-548739168
464

16

-548739168
465

16

-548739168
466

16

-548739168
467

16

-548739168
468

16

-548739168
469

16

-548739168
470

16

-548739168
471

16

-548739168
472

16

-548739168
473

16

-548739168
474

16

-548739168
475

16

-548739168
476

16

-548739168
477

16

-548739168
478

16

-548739168
479

16

-548739168
480

16

-548739168
481

16

-548739168
482

16

-548739168
483

16

-548739168
484

16

-548739168
485

16

-548739168
486

16

-548739168
487

16

-548739168
488

16

-548739168
489

16

-548739168
490

16

-548739168
491

16

-548739168
492

16

-548739168
493

16

-548739168
494

16

-548739168
495

16

-548739168
496

16

-548739168
497

16

-548739168
498

16

-548739168
499

16

-548739168
500

16

-548739168
501

16

-548739168
502

16

-548739168
503

16

-548739168
504

16

-548739168
505

16

-548739168
506

16

-548739168
507

16

-548739168
508

16

-548739168
509

16

-548739168
510

16

-548739168
511

16

-548739168
512

16

-548739168
513

16

-548739168
514

16

-548739168
515

16

-548739168
516

16

-548739168
517

16

-548739168
518

16

-548739168
519

16

-548739168
520

16

-548739168
521

16

-548739168
522

16

-548739168
523

16

-548739168
524

16

-548739168
525

16

-548739168
526

16

-548739168
527

16

-548739168
528

16

-548739168
529

16

-548739168
530

16

-548739168
531

16

-548739168
532

16

-548739168
533

16

-548739168
534

16

-548739168
535

16

-548739168
536

16

-548739168
537

16

-548739168
538

16

-548739168
539

16

-548739168
540

16

-548739168
541

16

-548739168
542

16

-548739168
543

16

-548739168
544

16

-548739168
545

16

-548739168
546

16

-548739168
547

16

-548739168
548

16

-548739168
549

16

-548739168
550

16

-548739168
551

16

-548739168
552

16

-548739168
553

16

-548739168
554

16

-548739168
555

16

-548739168
556

16

-548739168
557

16

-548739168
558

16

-548739168
559

16

-548739168
560

16

-548739168
561

16

-548739168
562

16

-548739168
563

16

-548739168
564

16

-548739168
565

16

-548739168
566

16

-548739168
567

16

-548739168
568

16

-548739168
569

16

-548739168
570

16

-548739168
571

16

-548739168
572

16

-548739168
573

16

-548739168
574

16

-548739168
575

16

-548739168
576

16

-548739168
577

16

-548739168
578

16

-548739168
579

16

-548739168
580

16

-548739168
581

16

-548739168
582

16

-548739168
583

16

-548739168
584

16

-548739168
585

16

-548739168
586

16

-548739168
587

16

-548739168
588

16

-548739168
589

16

-548739168
590

16

-548739168
591

16

-548739168
592

16

-548739168
593

16

-548739168
594

16

-548739168
595

16

-548739168
596

16

-548739168
597

16

-548739168
598

16

-548739168
599

16

-548739168
600

16

-548739168
601

16

-548739168
602

16

-548739168
603

16

-548739168
604

16

-548739168
605

16

-548739168
606

16

-548739168
607

16

-548739168
608

16

-548739168
609

16

-548739168
610

16

-548739168
611

16

-548739168
612

16

-548739168
613

16

-548739168
614

16

-548739168
615

16

-548739168
616

16

-548739168
617

16

-548739168
618

16

-548739168
619

16

-548739168
620

16

-548739168
621

16

-548739168
622

16

-548739168
623

16

-548739168
624

16

-548739168
625

16

-548739168
626

16

-548739168
627

16

-548739168
628

16

-548739168
629

16

-548739168
630

16

-548739168
631

16

-548739168
632

16

-548739168
633

16

-548739168
634

16

-548739168
635

16

-548739168
636

16

-548739168
637

16

-548739168
638

16

-548739168
639

16

-548739168
640

16

-548739168
641

16

-548739168
642

16

-548739168
643

16

-548739168
644

16

-548739168
645

16

-548739168
646

16

-548739168
647

16

-548739168
648

16

-548739168
649

16

-548739168
650

16

-548739168
651

16

-548739168
652

16

-548739168
653

16

-548739168
654

16

-548739168
655

16

-548739168
656

16

-548739168
657

16

-548739168
658

16

-548739168
659

16

-548739168
660

16

-548739168
661

16

-548739168
662

16

-548739168
663

16

-548739168
664

16

-548739168
665

16

-548739168
666

16

-548739168
667

16

-548739168
668

16

-548739168
669

16

-548739168
670

16

-548739168
671

16

-548739168
672

16

-548739168
673

16

-548739168
674

16

-548739168
675

16

-548739168
676

16

-548739168
677

16

-548739168
678

16

-548739168
679

16

-548739168
680

16

-548739168
681

16

-548739168
682

16

-548739168
683

16

-548739168
684

16

-548739168
685

16

-548739168
686

16

-548739168
687

16

-548739168
688

16

-548739168
689

16

-548739168
690

16

-548739168
691

16

-548739168
692

16

-548739168
693

16

-548739168
694

16

-548739168
695

16

-548739168
696

16

-548739168
697

16

-548739168
698

16

-548739168
699

16

-548739168
700

16

-548739168
701

16

-548739168
702

16

-548739168
703

16

-548739168
704

16

-548739168
705

16

-548739168
706

16

-548739168
707

16

-548739168
708

16

-548739168
709

16

-548739168
710

16

-548739168
711

16

-548739168
712

16

-548739168
713

16

-548739168
714

16

-548739168
715

16

-548739168
716

16

-548739168
717

16

-548739168
718

16

-548739168
719

16

-548739168
720

16

-548739168
721

16

-548739168
722

16

-548739168
723

16

-548739168
724

16

-548739168
725

16

-548739168
726

16

-548739168
727

16

-548739168
728

16

-548739168
729

16

-548739168
730

16

-548739168
731

16

-548739168
732

16

-548739168
733

16

-548739168
734

16

-548739168
735

16

-548739168
736

16

-548739168
737

16

-548739168
738

16

-548739168
739

16

-548739168
740

16

-548739168
741

16

-548739168
742

16

-548739168
743

16

-548739168
744

16

-548739168
745

16

-548739168
746

16

-548739168
747

16

-548739168
748

16

-548739168
749

16

-548739168
750

16

-548739168
751

16

-548739168
752

16

-548739168
753

16

-548739168
754

16

-548739168
755

16

-548739168
756

16

-548739168
757

16

-548739168
758

16

-548739168
759

16

-548739168
760

16

-548739168
761

16

-548739168
762

16

-548739168
763

16

-548739168
764

16

-548739168
765

16

-548739168
766

16

-548739168
767

16

-548739168
768

16

-548739168
769

16

-548739168
770

16

-548739168
771

16

-548739168
772

16

-548739168
773

16

-548739168
774

16

-548739168
775

16

-548739168
776

16

-548739168
777

16

-548739168
778

16

-548739168
779

16

-548739168
780

16

-548739168
781

16

-548739168
782

16

-548739168
783

16

-548739168
784

16

-548739168
785

16

-548739168
786

16

-548739168
787

16

-548739168
788

16

-548739168
789

16

-548739168
790

16

-548739168
791

16

-548739168
792

16

-548739168
793

16

-548739168
794

16

-548739168
795

16

-548739168
796

16

-548739168
797

16

-548739168
798

16

-548739168
799

16

-548739168
800

16

-548739168
801

16

-548739168
802

16

-548739168
803

16

-548739168
804

16

-548739168
805

16

-548739168
806

16

-548739168
807

16

-548739168
808

16

-548739168
809

16

-548739168
810

16

-548739168
811

16

-548739168
812

16

-548739168
813

16

-548739168
814

16

-548739168
815

16

-548739168
816

16

-548739168
817

16

-548739168
818

16

-548739168
819

16

-548739168
820

16

-548739168
821

16

-548739168
822

16

-548739168
823

16

-548739168
824

16

-548739168
825

16

-548739168
826

16

-548739168
827

16

-548739168
828

16

-548739168
829

16

-548739168
830

16

-548739168
831

16

-548739168
832

16

-548739168
833

16

-548739168
834

16

-548739168
835

16

-548739168
836

16

-548739168
837

16

-548739168
838

16

-548739168
839

16

-548739168
840

16

-548739168
841

16

-548739168
842

16

-548739168
843

16

-548739168
844

16

-548739168
845

16

-548739168
846

16

-548739168
847

16

-548739168
848

16

-548739168
849

16

-548739168
850

16

-548739168
851

16

-548739168
852

16

-548739168
853

16

-548739168
854

16

-548739168
855

16

-548739168
856

16

-548739168
857

16

-548739168
858

16

-548739168
859

16

-548739168
860

16

-548739168
861

16

-548739168
862

16

-548739168
863

16

-548739168
864

16

-548739168
865

16

-548739168
866

16

-548739168
867

16

-548739168
868

16

-548739168
869

16

-548739168
870

16

-548739168
871

16

-548739168
872

16

-548739168
873

16

-548739168
874

16

-548739168
875

16

-548739168
876

16

-548739168
877

16

-548739168
878

16

-548739168
879

16

-548739168
880

16

-548739168
881

16

-548739168
882

16

-548739168
883

16

-548739168
884

16

-548739168
885

16

-548739168
886

16

-548739168
887

16

-548739168
888

16

-548739168
889

16

-548739168
890

16

-548739168
891

16

-548739168
892

16

-548739168
893

16

-548739168
894

16

-548739168
895

16

-548739168
896

16

-548739168
897

16

-548739168
898

16

-548739168
899

16

-548739168
900

16

-548739168
901

16

-548739168
902

16

-548739168
903

16

-548739168
904

16

-548739168
905

16

-548739168
906

16

-548739168
907

16

-548739168
908

16

-548739168
909

16

-548739168
910

16

-548739168
911

16

-548739168
912

16

-548739168
913

16

-548739168
914

16

-548739168
915

16

-548739168
916

16

-548739168
917

16

-548739168
918

16

-548739168
919

16

-548739168
920

16

-548739168
921

16

-548739168
922

16

-548739168
923

16

-548739168
924

16

-548739168
925

16

-548739168
926

16

-548739168
927

16

-548739168
928

16

-548739168
929

16

-548739168
930

16

-548739168
931

16

-548739168
932

16

-548739168
933

16

-548739168
934

16

-548739168
935

16

-548739168
936

16

-548739168
937

16

-548739168
938

16

-548739168
939

16

-548739168
940

16

-548739168
941

16

-548739168
942

16

-548739168
943

16

-548739168
944

16

-548739168
945

16

-548739168
946

16

-548739168
947

16

-548739168
948

16

-548739168
949

16

-548739168
950

16

-548739168
951

16

-548739168
952

16

-548739168
953

16

-548739168
954

16

-548739168
955

16

-548739168
956

16

-548739168
957

16

-548739168
958

16

-548739168
959

16

-548739168
960

16

-548739168
961

16

-548739168
962

16

-548739168
963

16

-548739168
964

16

-548739168
965

16

-548739168
966

16

-548739168
967

16

-548739168
968

16

-548739168
969

16

-548739168
970

16

-548739168
971

16

-548739168
972

16

-548739168
973

16

-548739168
974

16

-548739168
975

16

-548739168
976

16

-548739168
977

16

-548739168
978

16

-548739168
979

16

-548739168
980

16

-548739168
981

16

-548739168
982

16

-548739168
983

16

-548739168
984

16

-548739168
985

16

-548739168
986

16

-548739168
987

16

-548739168
988

16

-548739168
989

16

-548739168
990

16

-548739168
991

16

-548739168
992

16

-548739168
993

16

-548739168
994

16

-548739168
995

16

-548739168
996

16

-548739168
997

16

-548739168
998

16

-548739168
999

16

-548739168
1000

16

-548739168
1001

16

-548739168
1002

16

-548739168
1003

16

-548739168
1004

16

-548739168
1005

16

-548739168
1006

16

-548739168
1007

16

-548739168
1008

16

-548739168
1009

16

-548739168
1010

16

-548739168
1011

16

-548739168
1012

16

-548739168
1013

16

-548739168
1014

16

-548739168
1015

16

-548739168
1016

16

-548739168
1017

16

-548739168
1018

16

-548739168
1019

16

-548739168
1020

16

-548739168
1021

16

-548739168
1022

16

-548739168
1023

16

-548739168
1024

16

-548739168
1025

16

-548739168
1026

16

-548739168
1027

16

-548739168
1028

16

-548739168
1029

16

-548739168
1030

16

-548739168
1031

16

-548739168
1032

16

-548739168
1033

16

-548739168
1034

16

-548739168
1035

16

-548739168
1036

16

-548739168
1037

16

-548739168
1038

16

-548739168
1039

16

-548739168
1040

16

-548739168
1041

16

-548739168
1042

16

-548739168
1043

16

-548739168
1044

16

-548739168
1045

16

-548739168
1046

16

-548739168
1047

16

-548739168
1048

16

-548739168
1049

16

-548739168
1050

16

-548739168
1051

16

-548739168
1052

16

-548739168
1053

16

-548739168
1054

16

-548739168
1055

16

-548739168
1056

16

-548739168
1057

16

-548739168
1058

16

-548739168
1059

16

-548739168
1060

16

-548739168
1061

16

-548739168
1062

16

-548739168
1063

16

-548739168
1064

16

-548739168
1065

16

-548739168
1066

16

-548739168
1067

16

-548739168
1068

16

-548739168
1069

16

-548739168
1070

16

-548739168
1071

16

-548739168
1072

16

-548739168
1073

16

-548739168
1074

16

-548739168
1075

16

-548739168
1076

16

-548739168
1077

16

-548739168
1078

16

-548739168
1079

16

-548739168
1080

16

-548739168
1081

16

-548739168
1082

16

-548739168
1083

16

-548739168
1084

16

-548739168
1085

16

-548739168
1086

16

-548739168
1087

16

-548739168
1088

16

-548739168
1089

16

-548739168
1090

16

-548739168
1091

16

-548739168
1092

16

-548739168
1093

16

-548739168
1094

16

-548739168
1095

16

-548739168
1096

16

-548739168
1097

16

-548739168
1098

16

-548739168
1099

16

-548739168
1100

16

-548739168
1101

16

-548739168
1102

16

-548739168
1103

16

-548739168
1104

16

-548739168
1105

16

-548739168
1106

16

-548739168
1107

16

-548739168
1108

16

-548739168
1109

16

-548739168
1110

16

-548739168
1111

16

-548739168
1112

16

-548739168
1113

16

-548739168
1114

16

-548739168
1115

16

-548739168
1116

16

-548739168
1117

16

-548739168
1118

16

-548739168
1119

16

-548739168
1120

16

-548739168
1121

16

-548739168
1122

16

-548739168
1123

16

-548739168
1124

16

-548739168
1125

16

-548739168
1126

16

-548739168
1127

16

-548739168
1128

16

-548739168
1129

16

-548739168
1130

16

-548739168
1131

16

-548739168
1132

16

-548739168
1133

16

-548739168
1134

16

-548739168
1135

16

-548739168
1136

16

-548739168
1137

16

-548739168
1138

16

-548739168
1139

16

-548739168
1140

16

-548739168
1141

16

-548739168
1142

16

-548739168
1143

16

-548739168
1144

16

-548739168
1145

16

-548739168
1146

16

-548739168
1147

16

-548739168
1148

16

-548739168
1149

16

-548739168
1150

16

-548739168
1151

16

-548739168
1152

16

-548739168
1153

16

-548739168
1154

16

-548739168
1155

16

-548739168
1156

16

-548739168
1157

16

-548739168
1158

16

-548739168
1159

16

-548739168
1160

16

-548739168
1161

16

-548739168
1162

16

-548739168
1163

16

-548739168
1164

16

-548739168
1165

16

-548739168
1166

16

-548739168
1167

16

-548739168
1168

16

-548739168
1169

16

-548739168
1170

16

-548739168
1171

16

-548739168
1172

16

-548739168
1173

16

-548739168
1174

16

-548739168
1175

16

-548739168
1176

16

-548739168
1177

16

-548739168
1178

16

-548739168
1179

16

-548739168
1180

16

-548739168
1181

16

-548739168
1182

16

-548739168
1183

16

-548739168
1184

16

-548739168
1185

16

-548739168
1186

16

-548739168
1187

16

-548739168
1188

16

-548739168
1189

16

-548739168
1190

16

-548739168
1191

16

-548739168
1192

16

-548739168
1193

16

-548739168
1194

16

-548739168
1195

16

-548739168
1196

16

-548739168
1197

16

-548739168
1198

16

-548739168
1199

16

-548739168
1200

16

-548739168
1201

16

-548739168
1202

16

-548739168
1203

16

-548739168
1204

16

-548739168
1205

16

-548739168
1206

16

-548739168
1207

16

-548739168
1208

16

-548739168
1209

16

-548739168
1210

16

-548739168
1211

16

-548739168
1212

16

-548739168
1213

16

-548739168
1214

16

-548739168
1215

16

-548739168
1216

16

-548739168
1217

16

-548739168
1218

16

-548739168
1219

16

-548739168
1220

16

-548739168
1221

16

-548739168
1222

16

-548739168
1223

16

-548739168
1224

16

-548739168
1225

16

-548739168
1226

16

-548739168
1227

16

-548739168
1228

16

-548739168
1229

16

-548739168
1230

16

-548739168
1231

16

-548739168
1232

16

-548739168
1233

16

-548739168
1234

16

-548739168
1235

16

-548739168
1236

16

-548739168
1237

16

-548739168
1238

16

-548739168
1239

16

-548739168
1240

16

-548739168
1241

16

-548739168
1242

16

-548739168
1243

16

-548739168
1244

16

-548739168
1245

16

-548739168
1246

16

-548739168
1247

16

-548739168
1248

16

-548739168
1249

16

-548739168
1250

16

-548739168
1251

16

-548739168
1252

16

-548739168
1253

16

-548739168
1254

16

-548739168
1255

16

-548739168
1256

16

-548739168
1257

16

-548739168
1258

16

-548739168
1259

16

-548739168
1260

16

-548739168
1261

16

-548739168
1262

16

-548739168
1263

16

-548739168
1264

16

-548739168
1265

16

-548739168
1266

16

-548739168
1267

16

-548739168
1268

16

-548739168
1269

16

-548739168
1270

16

-548739168
1271

16

-548739168
1272

16

-548739168
1273

16

-548739168
1274

16

-548739168
1275

16

-548739168
1276

16

-548739168
1277

16

-548739168
1278

16

-548739168
1279

16

-548739168
1280

16

-548739168
1281

16

-548739168
1282

16

-548739168
1283

16

-548739168
1284

16

-548739168
1285

16

-548739168
1286

16

-548739168
1287

16

-548739168
1288

16

-548739168
1289

16

-548739168
1290

16

-548739168
1291

16

-548739168
1292

16

-548739168
1293

16

-548739168
1294

16

-548739168
1295

16

-548739168
1296

16

-548739168
1297

16

-548739168
1298

16

-548739168
1299

16

-548739168
1300

16

-548739168
1301

16

-548739168
1302

16

-548739168
1303

16

-548739168
1304

16

-548739168
1305

16

-548739168
1306

16

-548739168
1307

16

-548739168
1308

16

-548739168
1309

16

-548739168
1310

16

-548739168
1311

16

-548739168
1312

16

-548739168
1313

16

-548739168
1314

16

-548739168
1315

16

-548739168
1316

16

-548739168
1317

16

-548739168
1318

16

-548739168
1319

16

-548739168
1320

16

-548739168
1321

16

-548739168
1322

16

-548739168
1323

16

-548739168
1324

16

-548739168
1325

16

-548739168
1326

16

-548739168
1327

16

-548739168
1328

16

-548739168
1329

16

-548739168
1330

16

-548739168
1331

16

-548739168
1332

16

-548739168
1333

16

-548739168
1334

16

-548739168
1335

16

-548739168
1336

16

-548739168
1337

16

-548739168
1338

16

-548739168
1339

16

-548739168
1340

16

-548739168
1341

16

-548739168
1342

16

-548739168
1343

16

-548739168
1344

16

-548739168
1345

16

-548739168
1346

16

-548739168
1347

16

-548739168
1348

16

-548739168
1349

16

-548739168
1350

16

-548739168
1351

16

-548739168
1352

16

-548739168
1353

16

-548739168
1354

16

-548739168
1355

16

-548739168
1356

16

-548739168
1357

16

-548739168
1358

16

-548739168
1359

16

-548739168
1360

16

-548739168
1361

16

-548739168
1362

16

-548739168
1363

16

-548739168
1364

16

-548739168
1365

16

-548739168
1366

16

-548739168
1367

16

-548739168
1368

16

-548739168
1369

16

-548739168
1370

16

-548739168
1371

16

-548739168
1372

16

-548739168
1373

16

-548739168
1374

16

-548739168
1375

16

-548739168
1376

16

-548739168
1377

16

-548739168
1378

16

-548739168
1379

16

-548739168
1380

16

-548739168
1381

16

-548739168
1382

16

-548739168
1383

16

-548739168
1384

16

-548739168
1385

16

-548739168
1386

16

-548739168
1387

16

-548739168
1388

16

-548739168
1389

16

-548739168
1390

16

-548739168
1391

16

-548739168
1392

16

-548739168
1393

16

-548739168
1394

16

-548739168
1395

16

-548739168
1396

16

-548739168
1397

16

-548739168
1398

16

-548739168
1399

16

-548739168
1400

16

-548739168
1401

16

-548739168
1402

16

-548739168
1403

16

-548739168
1404

16

-548739168
1405

16

-548739168
1406

16

-548739168
1407

16

-548739168
1408

16

-548739168
1409

16

-548739168
1410

16

-548739168
1411

16

-548739168
1412

16

-548739168
1413

16

-548739168
1414

16

-548739168
1415

16

-548739168
1416

16

-548739168
1417

16

-548739168
1418

16

-548739168
1419

16

-548739168
1420

16

-548739168
1421

16

-548739168
1422

16

-548739168
1423

16

-548739168
1424

16

-548739168
1425

16

-548739168
1426

16

-548739168
1427

16

-548739168
1428

16

-548739168
1429

16

-548739168
1430

16

-548739168
1431

16

-548739168
1432

16

-548739168
1433

16

-548739168
1434

16

-548739168
1435

16

-548739168
1436

16

-548739168
1437

16

-548739168
1438

16

-548739168
1439

16

-548739168
1440

16

-548739168
1441

16

-548739168
1442

16

-548739168
1443

16

-548739168
1444

16

-548739168
1445

16

-548739168
1446

16

-548739168
1447

16

-548739168
1448

16

-548739168
1449

16

-548739168
1450

16

-548739168
1451

16

-548739168
1452

16

-548739168
1453

16

-548739168
1454

16

-548739168
1455

16

-548739168
1456

16

-548739168
1457

16

-548739168
1458

16

-548739168
1459

16

-548739168
1460

16

-548739168
1461

16

-548739168
1462

16

-548739168
1463

16

-548739168
1464

16

-548739168
1465

16

-548739168
1466

16

-548739168
1467

16

-548739168
1468

16

-548739168
1469

16

-548739168
1470

16

-548739168
1471

16

-548739168
1472

16

-548739168
1473

16

-548739168
1474

16

-548739168
1475

16

-548739168
1476

16

-548739168
1477

16

-548739168
1478

16

-548739168
1479

16

-548739168
1480

16

-548739168
1481

16

-548739168
1482

16

-548739168
1483

16

-548739168
1484

16

-548739168
1485

16

-548739168
1486

16

-548739168
1487

16

-548739168
1488

16

-548739168
1489

16

-548739168
1490

16

-548739168
1491

16

-548739168
1492

16

-548739168
1493

16

-548739168
1494

16

-548739168
1495

16

-548739168
1496

16

-548739168
1497

16

-548739168
1498

16

-548739168
1499

16

-548739168
1500

16

-548739168
1501

16

-548739168
1502

16

-548739168
1503

16

-548739168
1504

16

-548739168
1505

16

-548739168
1506

16

-548739168
1507

16

-548739168
1508

16

-548739168
1509

16

-548739168
1510

16

-548739168
1511

16

-548739168
1512

16

-548739168
1513

16

-548739168
1514

16

-548739168
1515

16

-548739168
1516

16

-548739168
1517

16

-548739168
1518

16

-548739168
1519

16

-548739168
1520

16

-548739168
1521

16

-548739168
1522

16

-548739168
1523

16

-548739168
1524

16

-548739168
1525

16

-548739168
1526

16

-548739168
1527

16

-548739168
1528

16

-548739168
1529

16

-548739168
1530

16

-548739168
1531

16

-548739168
1532

16

-548739168
1533

16

-548739168
1534

16

-548739168
1535

16

-548739168
1536

16

-548739168
1537

16

-548739168
1538

16

-548739168
1539

16

-548739168
1540

16

-548739168
1541

16

-548739168
1542

16

-548739168
1543

16

-548739168
1544

16

-548739168
1545

16

-548739168
1546

16

-548739168
1547

16

-548739168
1548

16

-548739168
1549

16

-548739168
1550

16

-548739168
1551

16

-548739168
1552

16

-548739168
1553

16

-548739168
1554

16

-548739168
1555

16

-548739168
1556

16

-548739168
1557

16

-548739168
1558

16

-548739168
1559

16

-548739168
1560

16

-548739168
1561

16

-548739168
1562

16

-548739168
1563

16

-548739168
1564

16

-548739168
1565

16

-548739168
1566

16

-548739168
1567

16

-548739168
1568

16

-548739168
1569

16

-548739168
1570

16

-548739168
1571

16

-548739168
1572

16

-548739168
1573

16

-548739168
1574

16

-548739168
1575

16

-548739168
1576

16

-548739168
1577

16

-548739168
1578

16

-548739168
1579

16

-548739168
1580

16

-548739168
1581

16

-548739168
1582

16

-548739168
1583

16

-548739168
1584

16

-548739168
1585

16

-548739168
1586

16

-548739168
1587

16

-548739168
1588

16

-548739168
1589

16

-548739168
1590

16

-548739168
1591

16

-548739168
1592

16

-548739168
1593

16

-548739168
1594

16

-548739168
1595

16

-548739168
1596
hjxh
12
jxh
1